19 Belhadi Amel 1998 1A 10.0 4 9.5 3 8.0 2 11.0 5 9.8 0
7 Mezouar Fatima 2002 1A 16.0 4 15.0 3 14.5 2 18.0 5 15.8 0
27 Cherrad Wafa 2000 1A 18.0 4 19.0 3 17.5 2 20.0 5 18.7 0
39 Nour Lounes 2002 1A 12.0 4 13.0 3 14.5 2 11.5 5 12.9 0
22 Chikhi Reda 1999 1B 10.5 4 9.0 3 8.0 2 12.0 5 10.3 1
14 Rahmouni Nadia 1999 1B 9.0 4 8.5 3 10.0 2 9.0 5 8.9 0
30 Selmani Hiba 1998 1B 9.0 4 8.5 3 10.0 2 9.5 5 9.1 1
36 Ramdani Yasmine 2002 1B 10.0 4 9.0 3 11.5 2 12.0 5 10.8 0
4 Benmoussa Karim 2002 1C 10.0 4 9.5 3 12.0 2 11.0 5 10.8 0
16 Boukhelfa Adam 2002 1C 11.0 4 10.5 3 12.0 2 10.0 5 10.8 1
33 Zerouki Tarek 2003 1C 11.0 4 10.0 3 9.5 2 12.0 5 10.9 0
9 Saidi Lila 2003 1C 8.0 4 9.0 3 7.5 2 10.0 5 8.7 0
23 Medjahdi Farid 2002 1C 14.0 4 13.5 3 14.0 2 15.0 5 14.3 0
18 Hamdi Khaled 2002 2A 18.0 4 17.0 3 16.0 2 19.0 5 17.4 0
12 Guerfi Yacine 2000 2A 17.0 4 18.0 3 16.5 2 19.0 5 17.8 0
31 Abdi Oussama 2002 2A 14.0 4 13.0 3 12.5 2 15.0 5 13.8 0
37 Tahar Hamza 2001 2A 18.5 4 17.5 3 19.0 2 20.0 5 18.8 0
25 Nezzar Fouad 2001 2A 15.0 4 14.5 3 13.0 2 14.0 5 14.3 1
2 Moulay Sarah 2000 2B 18.0 4 16.5 3 17.0 2 19.0 5 17.4 0
20 Larbi Nassim 2001 2B 12.5 4 13.0 3 14.0 2 15.0 5 13.5 0
5 Cherif Yasmine 2003 2B 19.0 4 18.5 3 17.5 2 20.0 5 18.8 0
8 Khellaf Mourad 2000 2B 12.0 4 10.5 3 11.0 2 13.0 5 12.1 0
28 Fekir Imane 2001 2C 13.0 4 14.0 3 12.5 2 15.0 5 13.8 0
6 Haddad Amine 2001 3A 14.0 4 13.0 3 15.0 2 16.0 5 14.8 1
10 Djebbar Hamid 2002 3A 20.0 4 19.5 3 18.0 2 17.0 5 18.7 0
28 Fekir Imane 2001 3A 13.0 4 14.0 3 12.5 2 15.0 5 13.8 0
21 Aouini Salima 2003 3A 16.5 4 17.0 3 15.0 2 18.5 5 17.2 0
3 Zouaoui Sarah 1999 3A 13.0 4 11.0 3 15.5 2 14.0 5 13.5 0
32 Ziani Malika 1999 3A 19.5 4 20.0 3 18.5 2 19.0 5 19.1 0
35 Yahiaoui Khalil 2000 3A 13.5 4 12.5 3 14.0 2 15.0 5 13.9 0
29 Khir Redouane 2003 3A 17.0 4 16.0 3 15.5 2 18.0 5 16.9 0
1 Ali Ahmed 2001 3A 15.5 4 12.0 3 14.0 2 16.5 5 14.2 0
24 Dib Leila 2003 3B 19.0 4 18.5 3 17.0 2 20.0 5 18.6 0
38 Mokhtar Aya 2003 3B 14.5 4 15.0 3 16.0 2 14.0 5 14.8 0